100
0 23 24
0 87 74
1 74 55
1 51 72
2 73 19
2 64 55
3 51 11
3 10 96
4 81 6
4 47 7
5 38 78
5 57 28
6 11 2
6 49 16
7 49 57
7 63 69
8 97 35
8 54 69
9 33 61
9 91 69
10 30 86
10 66 5
11 50 46
11 10 6
12 29 48
12 88 8
13 2 79
13 33 15
14 92 75
14 39 50
15 0 24
15 12 37
16 97 47
16 23 72
17 8 95
17 47 60
18 55 26
18 46 14
19 7 56
19 95 5
20 58 86
20 44 8
21 5 97
21 9 29
22 9 26
22 73 44
23 89 22
23 50 61
24 47 44
24 43 42
25 88 39
25 49 78
26 1 17
26 38 90
27 1 8
27 6 50
28 30 49
28 92 66
29 34 34
29 58 23
30 69 71
30 74 38
31 39 34
31 37 16
32 91 70
32 24 87
33 18 54
33 81 46
34 98 92
34 30 65
35 83 94
35 95 100
36 55 88
36 84 95
37 98 42
37 30 39
38 6 1
38 58 8
39 78 53
39 75 60
40 71 34
40 25 91
41 19 67
41 61 31
42 93 30
42 56 25
43 10 7
43 81 66
44 29 34
44 29 44
45 52 98
45 32 31
46 97 34
46 90 59
47 95 47
47 74 9
48 25 62
48 56 89
49 37 69
49 27 77
50 28 80
50 0 58
51 55 68
51 23 75
52 81 93
52 28 45
53 41 33
53 30 4
54 21 62
54 71 22
55 25 70
55 46 98
56 30 5
56 96 79
57 9 61
57 74 16
58 55 57
58 94 2
59 16 92
59 74 16
60 27 5
60 84 11
61 45 56
61 37 30
62 0 72
62 81 84
63 90 31
63 98 92
64 34 73
64 37 35
65 4 91
65 26 87
66 14 37
66 68 30
67 48 34
67 42 94
68 87 87
68 36 62
69 2 90
69 14 11
70 85 89
70 57 60
71 32 10
71 61 59
72 64 65
72 0 33
73 81 70
73 56 99
74 32 89
74 22 15
75 80 81
75 79 67
76 35 63
76 81 42
77 4 14
77 96 75
78 46 50
78 51 47
79 49 62
79 52 12
80 33 24
80 87 59
81 38 94
81 30 45
82 44 21
82 14 10
83 49 93
83 98 62
84 81 59
84 45 90
85 53 37
85 14 70
86 21 40
86 33 22
87 53 48
87 23 56
88 26 48
88 12 43
89 42 68
89 88 75
90 28 41
90 28 31
91 97 69
91 72 94
92 7 16
92 8 97
93 88 14
93 19 20
94 21 3
94 84 15
95 42 94
95 14 7
96 48 69
96 11 54
97 37 85
97 37 49
98 25 85
98 55 34
99 73 56
99 70 32
10 72 55
48 80 7
62 17 58
35 83 37
84 16 6
72 30 19
41 20 61
0 50 29
32 8 50
94 76 24
84 18 48
87 81 44
94 85 91
4 47 82
70 26 27
74 69 56
15 51 78
65 16 10
18 8 23
3 16 86
65 63 21
85 62 72
17 36 99
49 38 65
91 28 11
59 38 19
7 67 90
58 54 81
4 33 21
11 58 80
72 54 9
25 79 15
49 16 46
70 73 12
95 0 18
81 46 54
96 78 23
1 66 50
63 49 7