30
0 5 49
0 17 4
1 12 24
1 27 66
2 23 9
2 9 2
3 2 74
3 2 94
4 0 65
4 6 80
5 25 36
5 7 29
6 8 91
6 1 8
7 24 10
7 1 72
8 29 61
8 4 68
9 15 35
9 4 24
10 20 62
10 8 85
11 0 21
11 25 71
12 6 41
12 23 90
13 9 76
13 2 56
14 10 89
14 28 56
15 17 22
15 21 34
16 21 62
16 5 75
17 28 96
17 22 9
18 29 29
18 5 48
19 20 25
19 8 68
20 6 97
20 4 19
21 4 25
21 9 46
22 8 61
22 0 31
23 15 11
23 14 60
24 4 23
24 23 3
25 9 45
25 28 75
26 1 70
26 0 91
27 7 53
27 23 74
28 13 51
28 6 66
29 0 40
29 17 62
15 2 91
7 0 50
18 15 13
29 17 28
27 13 88