50
0 19 82
0 31 92
1 41 7
1 23 30
2 41 81
2 40 4
3 15 78
3 39 12
4 39 86
4 14 27
5 10 3
5 12 46
6 43 26
6 12 78
7 25 98
7 1 56
8 4 22
8 48 31
9 45 30
9 13 53
10 21 17
10 18 55
11 15 4
11 46 51
12 39 36
12 5 66
13 18 13
13 37 58
14 1 38
14 9 89
15 31 33
15 48 8
16 30 65
16 41 74
17 14 39
17 8 26
18 38 18
18 4 94
19 15 85
19 44 39
20 36 35
20 1 6
21 8 58
21 29 73
22 11 8
22 41 48
23 44 43
23 21 22
24 35 5
24 35 70
25 46 51
25 46 36
26 22 67
26 34 35
27 35 46
27 35 17
28 39 10
28 17 89
29 17 48
29 6 90
30 35 53
30 9 44
31 24 72
31 22 65
32 43 46
32 35 87
33 42 12
33 39 6
34 2 95
34 30 1
35 19 47
35 33 48
36 45 73
36 6 20
37 49 87
37 6 7
38 6 53
38 36 30
39 46 48
39 10 92
40 38 51
40 38 12
41 26 17
41 25 15
42 4 100
42 19 81
43 26 50
43 22 88
44 49 74
44 12 71
45 11 3
45 34 78
46 26 27
46 26 64
47 4 72
47 12 66
48 20 89
48 29 19
49 46 35
49 38 11
16 3 37